8
67 128 129 62 67 128 129 62 
67 62 67 71 74 128 129 128
72 128 129 69 72 128 129 69
72 69 66 69 62 128 129 128
67 128 129 67 128 128 71 69 67
67 66 66 128 128 69 72 66
69 67 67 128 128 71 69 67
67 66 66 128 128 69 72 66
67 67 64 65 67 67 67 69
71 71 71 72 74 128 129 128
62 128 128 128 64 128 128 128
60 128 60 128 59 128 59 128
57 128 57 128 55 54 52 54
55 129 57 129 59 129 128 128
62 128 128 128 64 128 128 128
62 60 60 60 60 59 59 59
59 57 57 57 55 54 52 54
55 128 128 128 128 54 57 54
59 128 128 128 128 57 60 57
62 128 128 128 64 128 66 128
67 128 69 128 71 128 73 128
74 128 128 69 73 69 73 69
74 128 128 69 73 69 73 69
74 74 128 74 128 74 128 74
128 74 128 74 128 74 128 74
73 69 74 69 73 69 74 69
73 57 57 57 57 128 129 128