16
60 128 128 128 128 128 128 128 64 128 128 128 67 128 128 128 
59 128 128 128 128 60 62 60 128 128 128 129 128 128 128
69 128 128 128 128 128 128 128 67 128 128 128 72 128 128 128
67 128 128 128 65 128 64 65 64 128 128 128 129 128 128 128
57 128 59 60 62 64 65 67 69 67 65 64 62 60 59 57
55 128 57 59 60 62 64 65 67 65 64 62 60 59 57 55
53 128 55 57 59 60 62 64 65 64 62 60 59 57 55 53
52 128 53 55 57 59 60 62 64 62 60 59 57 55 53 52
50 128 52 53 55 57 59 61 62 57 59 61 62 64 65 67
69 71 72 71 69 67 65 64 65 67 69 67 65 64 62 60
59 128 67 128 64 128 60 128 62 128 67 128 64 128 60 128
62 128 128 128 67 128 128 128 55 128 128 128 129 128 128 128