8
56 128 55 56 60 58
55 56 58 56 60 58
55 56 60 58 55 56 
60 58 55 56 60 58
55 56 60 58 55 56 
60 58 55 56 60 58
55 56 60 58 55 56
58 60 61 63 65 66
70 129 129 68 66 65
65 63 63 62 63 129
70 129 129 68 66 65
65 63 62 63 65 58
55 56 60 58 55 56 
60 58 55 56 60 58
55 56 60 58 55 56
58 60 61 63 65 66
70 129 129 68 66 65
65 63 63 62 63 129
70 129 129 68 66 65
63 65 63 62 63 64
65 66 64 65 68 66
65 66 65 64 65 70
68 70 67 68 72 70
68 70 68 67 68 73
72 70 68 66 65 63
61 60 58 56 54 53
51 49 48 51 58 56
55 56 58 60 61 63
65 66 64 65 68 66
65 66 65 64 65 70
68 70 67 68 72 70
68 70 68 67 68 77
75 73 72 70 68 66
65 63 61 60 58 56
57 60 58 53 54 48
49 128 128 128 128 128