16
59 57 56 57
60 128 129 128 62 60 59 60
64 128 129 128 65 64 63 64
71 69 68 69 71 69 68 69
72 128 128 128 69 128 72 128
71 128 69 128 67 128 69 128
71 128 69 128 67 128 69 128
71 128 69 128 67 128 66 128
64 128 128 128
64 128 65 128
67 128 67 128 69 67 65 64
62 128 55 128 64 128 65 128
67 128 67 128 69 67 65 64
62 128 128 128 60 128 62 128
64 128 64 128 65 64 62 60
59 128 52 128 60 128 62 128
64 128 64 128 65 64 62 60
59 128 128 128 59 57 56 57
60 128 129 128 62 60 59 60
64 128 129 128 65 64 63 64
71 69 68 69 71 69 68 69
72 128 128 128 69 128 71 128
72 128 71 128 69 128 68 128
69 128 64 128 65 128 62 128
60 128 128 128 59 57 59 57
57 128 128 128